# Dark Visions font3 font (variable width + height) from ART/font3.png
# height line, then per glyph: ASCII code, width, then <height> rows of width-bit binary.

10

# ! (ASCII 33)
33
1
1
1
1
1
1
1
0
1
0
0

# " (ASCII 34)
34
3
101
101
000
000
000
000
000
000
000
000

# # (ASCII 35)
35
6
010010
010010
111111
010010
010010
010010
111111
010010
010010
000000

# $ (ASCII 36)
36
5
00100
01110
10101
10100
01110
00101
00101
10101
01110
00100

# % (ASCII 37)
37
6
000010
010010
101100
101110
011101
001101
010010
010000
000000
000000

# & (ASCII 38)
38
7
0010000
0101000
0101000
0010000
0101010
1000100
1001010
0110001
0000000
0000000

# ' (ASCII 39)
39
2
01
01
10
00
00
00
00
00
00
00

# ( (ASCII 40)
40
3
001
010
010
100
100
100
010
010
001
000

# ) (ASCII 41)
41
3
100
010
010
001
001
001
010
010
100
000

# * (ASCII 42)
42
5
00100
10101
01110
10101
00100
00000
00000
00000
00000
00000

# + (ASCII 43)
43
5
00000
00100
00100
11111
00100
00100
00000
00000
00000
00000

# , (ASCII 44)
44
2
00
00
00
00
00
00
01
01
10
00

# - (ASCII 45)
45
5
00000
00000
00000
11111
00000
00000
00000
00000
00000
00000

# . (ASCII 46)
46
1
0
0
0
0
0
0
0
1
0
0

# / (ASCII 47)
47
8
00000001
00000010
00000100
00001000
00010000
00100000
01000000
10000000
00000000
00000000

# 0 (ASCII 48)
48
5
01110
10001
10001
10001
10001
10001
10010
01100
00000
00000

# 1 (ASCII 49)
49
3
110
010
010
010
010
010
010
111
000
000

# 2 (ASCII 50)
50
5
11110
00001
00001
00010
00100
01000
10000
11111
00000
00000

# 3 (ASCII 51)
51
6
111100
000010
000010
001110
000001
000001
100010
011100
000000
000000

# 4 (ASCII 52)
52
6
000111
001010
010010
100010
100010
111111
000010
000011
000000
000000

# 5 (ASCII 53)
53
5
11111
10000
10000
11110
00001
00010
10100
11000
00000
00000

# 6 (ASCII 54)
54
5
01111
10000
10000
11110
10001
10001
10010
01100
00000
00000

# 7 (ASCII 55)
55
5
11111
00001
00001
00010
00100
01000
10000
10000
00000
00000

# 8 (ASCII 56)
56
5
01110
10001
10010
01110
10001
10001
10001
01110
00000
00000

# 9 (ASCII 57)
57
5
01110
10001
10001
10011
01101
00001
00010
11100
00000
00000

# : (ASCII 58)
58
1
0
1
0
0
0
0
1
0
0
0

# ; (ASCII 59)
59
2
00
01
00
00
00
00
01
01
10
00

# < (ASCII 60)
60
5
00001
00010
00100
01000
10000
01000
00100
00010
00001
00000

# = (ASCII 61)
61
5
00000
00000
00000
11111
00000
11111
00000
00000
00000
00000

# > (ASCII 62)
62
5
10000
01000
00100
00010
00001
00010
00100
01000
10000
00000

# ? (ASCII 63)
63
5
01110
10001
10001
00010
00100
00100
00000
00100
00000
00000

# @ (ASCII 64)
64
9
000111100
011000010
010011001
100100101
101000101
101000101
101001101
100110110
010000000
001111000

# A (ASCII 65)
65
8
00011000
00100100
01000010
01000010
01111110
01000010
01000010
11100111
00000000
00000000

# B (ASCII 66)
66
7
1111100
0100010
0100100
0111110
0100001
0100001
0100010
1111100
0000000
0000000

# C (ASCII 67)
67
6
011110
100001
100000
100000
100000
100001
100010
011100
000000
000000

# D (ASCII 68)
68
7
1111110
0100001
0100001
0100001
0100001
0100010
0100100
1111000
0000000
0000000

# E (ASCII 69)
69
7
1111111
0100001
0100000
1111100
0100000
0100000
0100001
1111110
0000000
0000000

# F (ASCII 70)
70
6
111111
010001
010000
111110
010000
010000
010000
111000
000000
000000

# G (ASCII 71)
71
7
0111110
1000001
1000000
1000000
1000111
1000010
1000100
0111000
0000000
0000000

# H (ASCII 72)
72
8
11100111
01000010
01000010
01111110
01000010
01000010
01000010
11100111
00000000
00000000

# I (ASCII 73)
73
3
111
010
010
010
010
010
010
111
000
000

# J (ASCII 74)
74
5
00111
00010
00010
00010
00010
00010
00010
00010
00100
11000

# K (ASCII 75)
75
8
11000110
01001000
01010000
01100000
01010000
01001000
01000100
11000011
00000000
00000000

# L (ASCII 76)
76
6
111000
010000
010000
010000
010000
010000
010001
111110
000000
000000

# M (ASCII 77)
77
11
11100000111
01010001010
01001010010
01000100010
01000100010
01000000010
01000000010
11100000111
00000000000
00000000000

# N (ASCII 78)
78
9
111000111
010100010
010010010
010001010
010000110
010000010
010000010
111000010
000000000
000000000

# O (ASCII 79)
79
7
0111110
1000001
1000001
1000001
1000001
1000010
1000100
0111000
0000000
0000000

# P (ASCII 80)
80
6
111110
100001
100001
100010
100100
111000
100000
100000
000000
000000

# Q (ASCII 81)
81
8
01111100
10000010
10000010
10000010
10000010
10000100
10001000
01110100
00000011
00000000

# R (ASCII 82)
82
8
11111100
01000010
01000100
01001000
01110000
01001000
01000100
11000011
00000000
00000000

# S (ASCII 83)
83
6
011110
100001
100000
011110
000001
000010
100100
011000
000000
000000

# T (ASCII 84)
84
7
1111111
1001001
0001000
0001000
0001000
0001000
0001000
0011100
0000000
0000000

# U (ASCII 85)
85
9
111000111
010000010
010000010
010000010
010000010
010000100
010001000
001110000
000000000
000000000

# V (ASCII 86)
86
7
1100111
0100010
0100010
0100010
0100010
0100100
0101000
0110000
0000000
0000000

# W (ASCII 87)
87
11
11101110111
01000100010
01000100010
01000100010
01000100010
01001100100
01010101000
01100110000
00000000000
00000000000

# X (ASCII 88)
88
9
110000011
001000100
000111000
000010000
000010000
000111000
001000100
110000011
000000000
000000000

# Y (ASCII 89)
89
7
1110011
0100001
0100010
0100100
0111000
0001000
0001000
0011000
0000000
0000000

# Z (ASCII 90)
90
6
111111
100001
000010
000100
001000
010000
100001
111111
000000
000000

# [ (ASCII 91)
91
3
111
100
100
100
100
100
100
111
000
000

# \ (ASCII 92)
92
8
10000000
01000000
00100000
00010000
00001000
00000100
00000010
00000001
00000000
00000000

# ] (ASCII 93)
93
3
111
001
001
001
001
001
001
111
000
000

# ^ (ASCII 94)
94
5
00000
00100
01010
10001
00000
00000
00000
00000
00000
00000

# _ (ASCII 95)
95
8
00000000
00000000
00000000
00000000
00000000
00000000
00000000
11111111
00000000
00000000

# ` (ASCII 96)
96
2
10
01
00
00
00
00
00
00
00
00

# a (ASCII 97)
97
6
000000
000000
111100
000010
011110
100010
100110
011011
000000
000000

# b (ASCII 98)
98
6
100000
010000
011110
010001
010001
010001
010010
111100
000000
000000

# c (ASCII 99)
99
5
00000
00000
01110
10001
10000
10000
10001
01110
00000
00000

# d (ASCII 100)
100
6
000110
000010
011110
100010
100010
100010
100110
011001
000000
000000

# e (ASCII 101)
101
5
00000
00000
01110
10001
10010
11100
10001
01110
00000
00000

# f (ASCII 102)
102
4
0011
0100
1110
0100
0100
0100
0100
1110
0000
0000

# g (ASCII 103)
103
5
00000
00000
01111
10001
10001
10011
10101
11001
00010
11100

# h (ASCII 104)
104
7
1100000
0100000
0100000
0100100
0101010
0110010
0100010
1100111
0000000
0000000

# i (ASCII 105)
105
3
010
000
110
010
010
010
010
111
000
000

# j (ASCII 106)
106
3
001
000
011
001
001
001
001
010
100
000

# k (ASCII 107)
107
8
11000000
01001100
01010000
01100000
01010000
01001000
01000100
11000011
00000000
00000000

# l (ASCII 108)
108
3
110
010
010
010
010
010
010
111
000
000

# m (ASCII 109)
109
11
00000000000
00000000000
10001000100
01010101010
01100110010
01000100010
01000100010
11101110111
00000000000
00000000000

# n (ASCII 110)
110
7
0000000
0000000
1000100
0101010
0110010
0100010
0100010
1110111
0000000
0000000

# o (ASCII 111)
111
5
00000
00000
01110
10001
10001
10001
10010
01100
00000
00000

# p (ASCII 112)
112
6
000000
100000
010110
011001
010001
010001
010010
011100
010000
111000

# q (ASCII 113)
113
7
0000000
0000000
0111110
1000010
1000010
1000110
1001010
0110010
0000111
0000000

# r (ASCII 114)
114
5
00000
00000
11011
01100
01000
01000
01000
11100
00000
00000

# s (ASCII 115)
115
5
00000
00000
01111
10000
01110
00001
10010
01100
00000
00000

# t (ASCII 116)
116
3
010
111
010
010
010
010
010
011
000
000

# u (ASCII 117)
117
7
0000000
0000000
1100110
0100010
0100010
0100110
0101010
0110011
0000000
0000000

# v (ASCII 118)
118
7
0000000
0000000
1100111
0100010
0100010
0100100
0101000
1110000
0000000
0000000

# w (ASCII 119)
119
8
00000000
00000000
11011011
01001001
01001001
01011010
01101100
01001000
00000000
00000000

# x (ASCII 120)
120
7
0000000
0000000
1100011
0010100
0001000
0001000
0010100
1100011
0000000
0000000

# y (ASCII 121)
121
6
000000
000000
110011
010001
010001
010001
010011
011101
000010
001100

# z (ASCII 122)
122
5
00000
00000
11111
10001
00010
00100
01001
11111
00000
00000

# { (ASCII 123)
123
4
0011
0100
0100
0100
1000
0100
0100
0100
0011
0000

# | (ASCII 124)
124
1
1
1
1
1
1
1
1
1
1
0

# } (ASCII 125)
125
4
1100
0010
0010
0010
0001
0010
0010
0010
1100
0000

# ~ (ASCII 126)
126
6
011001
100110
000000
000000
000000
000000
000000
000000
000000
000000

