905
342
42
0
0
0
0
0
0
0
0
0
0
0
0
0
0
0
0
0
0
0
0
0
13056
-1
-1
-1
-1
-16132
0
0
0
0
0
0
0
0
0
0
0
0
0
0
0
0
3
0
0
0
3072
0
0
0
0
0
0
0
0
0
0
0
0
0
0
0
0
15360
-1
-1
-1
-1
-16141
0
0
0
0
0
0
0
0
0
0
0
0
0
0
0
0
51
-30720
128
0
3072
1472
21845
21845
21845
21845
21845
21845
21845
21845
21845
21845
21845
21845
21845
21845
21845
13136
8704
256
20565
8192
-16372
16
0
0
0
0
0
0
0
0
0
0
0
0
0
0
1024
51
-32384
21845
85
3080
4288
0
0
0
0
0
0
0
0
0
0
0
0
0
0
0
13060
0
21781
21845
64
-16372
16
0
0
0
0
0
0
0
0
0
0
0
0
0
0
1024
51
21760
21845
21589
3072
4288
0
0
0
0
0
0
0
0
0
0
0
0
0
0
0
13060
34
21845
21845
84
-16372
16
0
0
0
0
0
0
0
0
0
0
0
0
0
0
1024
51
5377
21845
17733
3072
4288
0
0
0
0
0
0
0
0
0
0
0
0
0
0
0
13060
32
21829
13589
17
-16372
16
0
0
0
0
0
0
0
0
0
0
0
0
0
0
1024
51
4353
-15275
-14891
3072
4288
0
0
0
0
0
0
0
0
0
0
0
0
0
0
0
13060
0
21248
-137
245
-16372
16
0
768
0
0
0
0
0
0
0
0
768
0
0
0
1024
51
4353
-177
12799
3080
4288
-3325
0
3
0
3072
12339
3
3072
48
0
768
13299
12288
0
0
13060
0
16133
-1
205
-16372
16
-16189
12483
3132
3840
831
48
60
15423
15372
12
-16384
51
3900
3123
1024
51
18184
-1
-3585
3072
4288
-15616
13107
13104
51
3132
12339
13059
3072
13107
13107
0
13248
13056
13107
51
13060
2048
15
63
573
-16372
16
13251
12483
15408
768
13068
816
51
13068
12348
60
-16384
51
13107
15372
1024
51
17422
3272
-13272
3264
4288
-15616
-4048
12528
15
3132
12339
13059
3072
3891
3888
816
13296
13056
3087
15
13060
2048
6751
26959
-16324
-16372
16
0
-16381
0
0
0
0
0
0
0
0
0
0
0
0
1024
51
16136
4095
-769
3264
4288
0
0
0
0
0
0
0
0
0
0
0
0
0
0
0
13060
0
-1009
13071
767
-16372
16
0
0
0
0
0
0
0
0
0
0
0
0
0
0
1024
51
8192
3327
-52
3072
4288
0
0
0
0
0
0
0
0
0
0
0
0
0
0
0
13060
512
-1021
13071
252
-16372
16
192
0
12288
192
0
12483
-15616
0
0
3
0
0
3072
0
1024
51
-32768
4095
-769
3072
4288
-4093
960
3891
-4093
13059
-3901
816
-16141
12483
-3328
3852
60
13068
63
0
13060
0
-1024
16175
252
-16372
16
12483
13059
12339
960
12339
12483
-15616
13107
816
13059
13107
13056
3123
0
1024
51
-30720
-24564
-3841
3072
4288
-15616
816
13107
-16336
13059
-15568
48
13251
12483
771
13116
48
13107
12
0
13060
0
16160
16256
48
-16372
16
-16192
-13312
12303
192
12531
12483
-15616
-4048
240
4083
12303
3072
3087
48
1024
51
-30720
-193
12543
3072
4288
0
0
0
0
0
0
0
0
-16381
0
0
0
0
0
0
13060
0
-29400
15360
192
-16372
16
0
0
0
0
0
0
0
0
0
0
0
0
0
0
1024
51
10888
-8436
-16177
3208
4288
0
0
0
0
0
0
0
0
0
0
0
0
0
0
0
13060
0
12034
32707
0
-16372
16
0
0
0
0
0
0
0
0
0
0
0
0
0
0
1024
-32717
6152
-253
252
3072
4288
0
0
0
0
0
0
0
0
0
0
0
0
0
0
0
13060
258
75
-14913
81
-16372
16
0
0
0
0
0
0
0
0
0
0
0
0
0
0
1024
51
4181
-32760
16437
3136
4288
0
0
0
0
0
0
0
0
0
0
0
0
0
0
0
13060
17413
-16376
-2816
21521
-16372
16
0
0
0
0
0
0
0
0
0
0
0
0
0
0
1024
5427
5136
770
17876
23637
4288
0
0
0
0
0
0
0
0
0
0
0
0
0
0
0
13060
16661
18433
-11232
21845
-16308
16
0
0
0
0
0
0
0
0
0
0
0
0
0
0
1024
-196
-1
-1
-1
-3073
1472
21845
21845
21845
21845
21845
21845
21845
21845
21845
21845
21845
21845
21845
21845
21845
848
0
0
0
0
12
0
0
0
0
0
0
0
0
0
0
0
0
0
0
0
0
-205
-1
-1
-1
-769
192
0
0
0
0
0
0
0
0
0
0
0
0
0
0
0
0
0
0
0
0
0
0
0
0
0
0
0
0
0
0
0
0
0
0
0
0
0
342
42
0
0
0
0
0
-241
-1
-1
-1
-1
-1
-1
-1
-1
-1
-1
-1
-1
-1
-1
-1
252
0
0
0
0
3840
-1
-1
-1
-1
-1
-1
-1
-1
-1
-1
-1
-1
-1
-1
-1
-769
0
0
0
0
0
-241
-1
-1
-1
-1
-1
-1
-1
-1
-1
-1
-1
-1
-1
-1
-1
252
0
0
0
0
3840
240
0
0
0
0
0
0
0
0
0
0
0
0
0
0
3072
0
0
0
0
0
-16369
0
0
0
0
0
0
0
0
0
0
0
0
0
0
0
0
0
0
0
0
3840
0
0
0
0
0
0
0
0
0
0
0
0
0
0
0
0
0
0
0
0
0
15
0
0
0
0
0
0
0
0
0
0
0
0
0
0
0
0
0
0
0
0
3840
0
0
0
0
0
0
0
0
0
0
0
0
0
0
0
0
0
0
0
0
0
15
0
0
0
0
0
0
0
0
0
0
0
0
0
0
0
0
0
0
0
0
3840
0
0
0
0
0
0
0
0
0
0
0
0
0
0
0
0
0
0
0
0
0
15
0
0
0
0
0
0
0
0
0
0
0
0
0
0
0
0
0
0
0
0
3840
0
0
0
0
0
0
0
0
0
0
0
0
0
0
0
0
0
0
0
0
0
15
0
0
0
0
0
0
0
0
0
0
0
0
0
0
0
0
0
0
0
0
3840
0
0
0
0
0
0
0
0
0
0
0
0
0
0
0
0
0
0
0
0
0
15
0
0
0
0
0
0
0
0
0
0
0
0
0
0
0
0
0
0
0
0
3840
0
0
0
0
0
0
0
0
0
0
0
0
0
0
0
0
0
0
0
0
0
15
0
0
0
0
0
0
0
0
0
0
0
0
0
0
0
0
0
0
0
0
3840
0
0
0
0
0
0
0
0
0
0
0
0
0
0
0
0
0
0
0
0
0
15
0
0
0
0
0
0
0
0
0
0
0
0
0
0
0
0
0
0
0
0
3840
0
0
0
0
0
0
0
0
0
0
0
0
0
0
0
0
0
0
0
0
0
15
0
0
0
0
0
0
0
0
0
0
0
0
0
0
0
0
0
0
0
0
3840
0
0
0
0
0
0
0
0
0
0
0
0
0
0
0
0
0
0
0
0
0
15
0
0
0
0
0
0
0
0
0
0
0
0
0
0
0
0
0
0
0
0
3840
0
0
0
0
0
0
0
0
0
0
0
0
0
0
0
0
0
0
0
0
0
15
0
0
0
0
0
0
0
0
0
0
0
0
0
0
0
0
0
0
0
0
3840
0
0
0
0
0
0
0
0
0
0
0
0
0
0
0
0
0
0
0
0
0
15
0
0
0
0
0
0
0
0
0
0
0
0
0
0
0
0
0
0
0
0
3840
0
0
0
0
0
0
0
0
0
0
0
0
0
0
0
0
0
0
0
0
0
15
0
0
0
0
0
0
0
0
0
0
0
0
0
0
0
0
0
0
0
0
3840
0
0
0
0
0
0
0
0
0
0
0
0
0
0
0
0
0
0
0
0
0
15
0
0
0
0
0
0
0
0
0
0
0
0
0
0
0
0
0
0
0
0
3840
0
0
0
0
0
0
0
0
0
0
0
0
0
0
0
0
0
0
0
0
0
15
0
0
0
0
0
0
0
0
0
0
0
0
0
0
0
0
0
0
0
0
3840
0
0
0
0
0
0
0
0
0
0
0
0
0
0
0
0
0
0
0
0
0
15
0
0
0
0
0
0
0
0
0
0
0
0
0
0
0
0
0
0
0
0
3840
0
0
0
0
0
0
0
0
0
0
0
0
0
0
0
0
0
0
0
0
0
15
0
0
0
0
0
0
0
0
0
0
0
0
0
0
0
0
0
0
0
0
3840
0
0
0
0
0
0
0
0
0
0
0
0
0
0
0
0
0
0
0
0
0
-16369
0
0
0
0
0
0
0
0
0
0
0
0
0
0
0
0
0
0
0
0
3840
240
0
0
0
0
0
0
0
0
0
0
0
0
0
0
3072
0
0
0
0
0
-241
-1
-1
-1
-1
-1
-1
-1
-1
-1
-1
-1
-1
-1
-1
-1
252
0
0
0
0
3840
-1
-1
-1
-1
-1
-1
-1
-1
-1
-1
-1
-1
-1
-1
-1
-769
