386
30014
30015
30016
30017
30018
30019
30020
30021
30022
30023
30024
30025
30026
30027
30028
30029
30030
30031
30032
30033
30034
30035
30036
30037
30038
30039
30040
30041
30042
30043
30044
30045
30046
30047
30048
30049
30051
30052
30053
30054
30055
30056
30057
30058
30059
30060
30061
30062
30063
30064
30065
30066
30067
30068
30069
30070
30071
30072
30073
30074
30075
30076
30077
30078
30079
30080
30081
30082
30083
30084
30085
30086
30087
30088
30089
30090
30091
30092
30093
30094
30095
30113
30196
30213
30296
30313
30396
30413
30496
30505
30506
30513
30596
30604
30605
30606
30607
30613
30696
30703
30704
705
706
30707
30708
713
30796
30802
30803
804
805
30806
807
30808
30809
30813
896
30901
30902
903
904
30905
30906
30907
908
30909
30910
30912
30913
30914
30995
30996
30997
31000
31001
1002
1003
31004
31005
31007
31008
1009
31010
1011
31012
11013
31014
31015
31016
31017
31094
1095
31097
31098
31099
31101
31102
1103
1104
31105
31106
31107
1108
31109
1110
1111
31112
11113
31114
31195
31196
31197
1198
31202
31203
1204
1205
31206
1207
31208
1209
1211
1212
31213
1295
1296
1297
31303
31304
1305
1306
31307
1308
1312
1313
1395
11396
31404
31405
31406
1407
1412
11413
1495
31496
31505
1506
1512
31513
1595
31596
1612
31613
1695
31696
1712
31713
1795
31796
1813
31814
31815
31816
31817
31818
31819
31820
31821
31822
31823
31824
31825
31826
31827
31828
31829
31830
31831
31832
31833
31834
31835
31836
31837
31838
31839
31840
31841
31842
31843
31844
31845
31846
31847
31848
31849
31851
31852
31853
31854
31855
31856
31857
31858
31859
31860
31861
31862
31863
31864
31865
31866
31867
31868
31869
31870
31871
31872
31873
31874
31875
31876
31877
31878
31879
31880
31881
31882
31883
31884
31885
31886
31887
31888
31889
31890
31891
31892
31893
31894
31895
1896
1914
1915
1916
1917
1918
1919
1920
1921
1922
1923
1924
1925
1926
1927
1928
1929
1930
1931
1932
1933
1934
1935
1936
1937
1938
1939
1940
1941
1942
1943
1944
1945
1946
1947
1948
1949
1951
1952
1953
1954
1955
1956
1957
1958
1959
1960
1961
1962
1963
1964
1965
1966
1967
1968
1969
1970
1971
1972
1973
1974
1975
1976
1977
1978
1979
1980
1981
1982
1983
1984
1985
1986
1987
1988
1989
1990
1991
1992
1993
1994
1995
30050
31850
1950
368
30014
30015
30016
30017
30018
30019
30020
30021
30022
30023
30024
30025
30026
30027
30028
30029
30030
30031
30032
30033
30034
30035
30036
30037
30038
30039
30040
30041
30042
30043
30044
30045
30046
30047
30048
30049
30050
30051
30052
30053
30054
30055
30056
30057
30058
30059
30060
30061
30062
30063
30064
30065
30066
30067
30068
30069
30070
30071
30072
30073
30074
30075
30076
30077
30078
30079
30080
30081
30082
30083
30084
30085
30086
30087
30088
30089
30113
30190
30213
30290
30313
30390
30413
30490
30505
30506
30513
30590
30604
30605
30606
30607
30613
30690
30703
30704
705
706
30707
30708
713
30790
30802
30803
804
805
30806
807
30808
30809
30813
890
30901
30902
903
904
30905
30906
30907
908
30909
30910
30912
30913
30914
30989
30990
30991
31000
31001
1002
1003
31004
31005
31007
31008
1009
31010
1011
31012
11013
31014
31015
31016
31017
31088
1089
31091
31092
31093
31101
31102
1103
1104
31105
31106
31107
1108
31109
1110
1111
31112
11113
31114
31189
31190
31191
1192
31202
31203
1204
1205
31206
1207
31208
1209
1211
1212
31213
1289
1290
1291
31303
31304
1305
1306
31307
1308
1312
1313
1389
11390
31404
31405
31406
1407
1412
11413
1489
31490
31505
1506
1512
31513
1589
31590
1612
31613
1689
31690
1712
31713
1789
31790
1813
31814
31815
31816
31817
31818
31819
31820
31821
31822
31823
31824
31825
31826
31827
31828
31829
31830
31831
31832
31833
31834
31835
31836
31837
31838
31839
31840
31841
31842
31843
31844
31845
31846
31847
31848
31849
31850
31851
31852
31853
31854
31855
31856
31857
31858
31859
31860
31861
31862
31863
31864
31865
31866
31867
31868
31869
31870
31871
31872
31873
31874
31875
31876
31877
31878
31879
31880
31881
31882
31883
31884
31885
31886
31887
31888
31889
1890
1914
1915
1916
1917
1918
1919
1920
1921
1922
1923
1924
1925
1926
1927
1928
1929
1930
1931
1932
1933
1934
1935
1936
1937
1938
1939
1940
1941
1942
1943
1944
1945
1946
1947
1948
1949
1950
1951
1952
1953
1954
1955
1956
1957
1958
1959
1960
1961
1962
1963
1964
1965
1966
1967
1968
1969
1970
1971
1972
1973
1974
1975
1976
1977
1978
1979
1980
1981
1982
1983
1984
1985
1986
1987
1988
1989
