# Dark Visions font.txt font (variable width + height) - edited in Room Tools
# height line, then per glyph: ASCII code, width, then <height> rows of width-bit binary.

7

# ! (ASCII 33)
33
1
0
1
1
1
0
1
0

# " (ASCII 34)
34
3
101
101
000
000
000
000
000

# # (ASCII 35)
35
5
00000
01010
11111
01010
11111
01010
00000

# $ (ASCII 36)
36
3
010
011
100
111
001
110
010

# % (ASCII 37)
37
5
00000
10001
00010
00100
01000
10001
00000

# & (ASCII 38)
38
4
0000
1110
1010
0100
1010
1101
0000

# ' (ASCII 39)
39
1
1
1
0
0
0
0
0

# ( (ASCII 40)
40
2
00
01
10
10
10
01
00

# ) (ASCII 41)
41
2
00
10
01
01
01
10
00

# * (ASCII 42)
42
3
000
010
111
010
101
000
000

# + (ASCII 43)
43
3
000
000
010
111
010
000
000

# , (ASCII 44)
44
2
00
00
00
00
00
01
10

# - (ASCII 45)
45
3
000
000
000
111
000
000
000

# . (ASCII 46)
46
1
0
0
0
0
0
1
0

# / (ASCII 47)
47
5
00000
00001
00010
00100
01000
10000
00000

# 0 (ASCII 48)
48
3
000
111
101
101
101
111
000

# 1 (ASCII 49)
49
3
000
010
110
010
010
111
000

# 2 (ASCII 50)
50
3
000
111
001
111
100
111
000

# 3 (ASCII 51)
51
3
000
111
001
011
001
111
000

# 4 (ASCII 52)
52
3
000
101
101
111
001
001
000

# 5 (ASCII 53)
53
3
000
111
100
111
001
111
000

# 6 (ASCII 54)
54
3
000
100
100
111
101
111
000

# 7 (ASCII 55)
55
3
000
111
001
001
001
001
000

# 8 (ASCII 56)
56
3
000
111
101
111
101
111
000

# 9 (ASCII 57)
57
3
000
111
101
111
001
001
000

# : (ASCII 58)
58
1
0
0
1
0
1
0
0

# ; (ASCII 59)
59
2
00
00
01
00
00
01
10

# < (ASCII 60)
60
3
000
001
010
100
010
001
000

# = (ASCII 61)
61
3
000
000
111
000
111
000
000

# > (ASCII 62)
62
3
000
100
010
001
010
100
000

# ? (ASCII 63)
63
3
000
111
001
010
000
010
000

# @ (ASCII 64)
64
4
0000
1110
0001
0101
1011
0110
0000

# A (ASCII 65)
65
3
000
010
101
111
101
101
000

# B (ASCII 66)
66
3
000
110
101
110
101
110
000

# C (ASCII 67)
67
3
000
111
100
100
100
111
000

# D (ASCII 68)
68
3
000
110
101
101
101
110
000

# E (ASCII 69)
69
3
000
111
100
110
100
111
000

# F (ASCII 70)
70
3
000
111
100
110
100
100
000

# G (ASCII 71)
71
4
0000
0110
1000
1011
1001
0111
0000

# H (ASCII 72)
72
3
000
101
101
111
101
101
000

# I (ASCII 73)
73
3
000
111
010
010
010
111
000

# J (ASCII 74)
74
3
000
001
001
001
101
111
000

# K (ASCII 75)
75
3
000
101
101
110
101
101
000

# L (ASCII 76)
76
3
000
100
100
100
100
111
000

# M (ASCII 77)
77
5
00000
10001
11011
10101
10001
10001
00000

# N (ASCII 78)
78
4
0000
1001
1101
1011
1001
1001
0000

# O (ASCII 79)
79
3
000
010
101
101
101
010
000

# P (ASCII 80)
80
3
000
110
101
110
100
100
000

# Q (ASCII 81)
81
3
000
010
101
101
110
011
000

# R (ASCII 82)
82
3
000
111
101
110
101
101
000

# S (ASCII 83)
83
3
000
011
100
111
001
110
000

# T (ASCII 84)
84
3
000
111
010
010
010
010
000

# U (ASCII 85)
85
3
000
101
101
101
101
111
000

# V (ASCII 86)
86
3
000
101
101
101
010
010
000

# W (ASCII 87)
87
5
00000
10101
10101
10101
10101
01010
00000

# X (ASCII 88)
88
3
000
101
101
010
101
101
000

# Y (ASCII 89)
89
3
000
101
101
010
010
010
000

# Z (ASCII 90)
90
3
000
111
001
010
100
111
000

# [ (ASCII 91)
91
2
00
11
10
10
10
11
00

# \ (ASCII 92)
92
5
00000
10000
01000
00100
00010
00001
00000

# ] (ASCII 93)
93
2
00
11
01
01
01
11
00

# ^ (ASCII 94)
94
3
000
010
101
101
000
000
000

# _ (ASCII 95)
95
3
000
000
000
000
000
000
111

# ` (ASCII 96)
96
2
00
10
01
00
00
00
00

# a (ASCII 97)
97
3
000
000
011
101
101
011
000

# b (ASCII 98)
98
3
000
100
110
101
101
110
000

# c (ASCII 99)
99
3
000
000
011
100
100
011
000

# d (ASCII 100)
100
3
000
001
011
101
101
011
000

# e (ASCII 101)
101
3
000
000
010
101
110
011
000

# f (ASCII 102)
102
3
000
011
100
110
100
100
000

# g (ASCII 103)
103
3
000
000
011
101
101
011
110

# h (ASCII 104)
104
3
000
100
110
101
101
101
000

# i (ASCII 105)
105
1
0
1
0
1
1
1
0

# j (ASCII 106)
106
2
00
01
00
01
01
01
10

# k (ASCII 107)
107
3
000
100
101
110
101
101
000

# l (ASCII 108)
108
1
0
1
1
1
1
1
0

# m (ASCII 109)
109
5
00000
00000
11010
10101
10101
10101
00000

# n (ASCII 110)
110
3
000
000
110
101
101
101
000

# o (ASCII 111)
111
3
000
000
010
101
101
010
000

# p (ASCII 112)
112
3
000
000
110
101
101
110
100

# q (ASCII 113)
113
3
000
000
011
101
101
011
001

# r (ASCII 114)
114
3
000
000
110
101
100
100
000

# s (ASCII 115)
115
3
000
000
011
110
001
110
000

# t (ASCII 116)
116
3
000
010
111
010
010
010
000

# u (ASCII 117)
117
3
000
000
101
101
101
011
000

# v (ASCII 118)
118
3
000
000
101
101
010
010
000

# w (ASCII 119)
119
5
00000
00000
10101
10101
10101
01010
00000

# x (ASCII 120)
120
3
000
000
000
101
010
101
101

# y (ASCII 121)
121
3
000
000
101
101
101
011
110

# z (ASCII 122)
122
3
000
000
111
001
010
111
000

# { (ASCII 123)
123
3
000
011
010
110
010
011
000

# | (ASCII 124)
124
1
1
1
1
1
1
1
1

# } (ASCII 125)
125
3
000
110
010
011
010
110
000

# ~ (ASCII 126)
126
4
0000
0101
1010
0000
0000
0000
0000

