# Dark Visions fontBold font (variable width + height) from ART/fontBold.png
# height line, then per glyph: ASCII code, width, then <height> rows of width-bit binary.

5

# ! (ASCII 33)
33
2
11
11
11
00
11

# " (ASCII 34)
34
5
11011
11011
00000
00000
00000

# # (ASCII 35)
35
5
01010
11111
01010
11111
01010

# $ (ASCII 36)
36
5
01111
10100
11111
00101
11110

# % (ASCII 37)
37
5
11001
11010
00100
01011
10011

# & (ASCII 38)
38
5
01100
11010
11111
11010
01101

# ' (ASCII 39)
39
2
11
11
00
00
00

# ( (ASCII 40)
40
3
011
110
110
110
011

# ) (ASCII 41)
41
3
110
011
011
011
110

# * (ASCII 42)
42
5
00100
11111
00100
01010
10001

# + (ASCII 43)
43
5
00100
00100
11111
00100
00100

# , (ASCII 44)
44
2
00
00
11
01
10

# - (ASCII 45)
45
5
00000
00000
11111
00000
00000

# . (ASCII 46)
46
2
00
00
00
11
11

# / (ASCII 47)
47
5
00011
00110
01100
11000
10000

# 0 (ASCII 48)
48
5
01110
11011
11011
11011
01110

# 1 (ASCII 49)
49
3
111
011
011
011
011

# 2 (ASCII 50)
50
5
11110
00011
11111
11000
11111

# 3 (ASCII 51)
51
5
11110
00111
11110
00111
11110

# 4 (ASCII 52)
52
5
11011
11011
11011
11111
00011

# 5 (ASCII 53)
53
5
11111
11000
11111
00011
11110

# 6 (ASCII 54)
54
5
01110
11000
11110
11011
01110

# 7 (ASCII 55)
55
5
11111
00011
00110
01100
11000

# 8 (ASCII 56)
56
5
01110
11011
01110
11011
01110

# 9 (ASCII 57)
57
5
01110
11011
01111
00011
01110

# : (ASCII 58)
58
2
11
11
00
11
11

# ; (ASCII 59)
59
2
11
11
00
11
01

# < (ASCII 60)
60
4
0011
0110
1100
0110
0011

# = (ASCII 61)
61
5
00000
11111
00000
11111
00000

# > (ASCII 62)
62
4
1100
0110
0011
0110
1100

# ? (ASCII 63)
63
5
11110
00011
01110
00000
01100

# @ (ASCII 64)
64
5
01110
11011
11111
11000
01110

# A (ASCII 65)
65
5
01110
11011
11011
11111
11011

# B (ASCII 66)
66
5
11110
11011
11110
11011
11110

# C (ASCII 67)
67
5
01110
11011
11000
11011
01110

# D (ASCII 68)
68
5
11110
11011
11011
11011
11110

# E (ASCII 69)
69
5
11111
11000
11110
11000
11111

# F (ASCII 70)
70
5
11111
11000
11110
11000
11000

# G (ASCII 71)
71
5
01110
11000
11011
11011
01110

# H (ASCII 72)
72
5
11011
11011
11111
11011
11011

# I (ASCII 73)
73
2
11
11
11
11
11

# J (ASCII 74)
74
5
11111
00110
00110
00110
01100

# K (ASCII 75)
75
5
11011
11011
11110
11011
11011

# L (ASCII 76)
76
5
11000
11000
11000
11000
11111

# M (ASCII 77)
77
5
11011
11111
11011
11011
11011

# N (ASCII 78)
78
5
11110
11011
11011
11011
11011

# O (ASCII 79)
79
5
01110
11011
11011
11011
01110

# P (ASCII 80)
80
5
11110
11011
11011
11110
11000

# Q (ASCII 81)
81
5
01110
11011
11011
11010
01101

# R (ASCII 82)
82
5
11110
11011
11110
11011
11011

# S (ASCII 83)
83
5
01111
11000
01110
00011
11110

# T (ASCII 84)
84
4
1111
0110
0110
0110
0110

# U (ASCII 85)
85
5
11011
11011
11011
11011
01110

# V (ASCII 86)
86
5
11011
11011
11011
01110
00100

# W (ASCII 87)
87
5
11011
11011
11011
11111
11011

# X (ASCII 88)
88
5
11011
11011
01110
11011
11011

# Y (ASCII 89)
89
5
11011
11011
01110
00110
00110

# Z (ASCII 90)
90
5
11111
00111
01110
11100
11111

# [ (ASCII 91)
91
3
111
110
110
110
111

# \ (ASCII 92)
92
5
11000
01100
00110
00011
00001

# ] (ASCII 93)
93
3
111
011
011
011
111

# ^ (ASCII 94)
94
5
00100
01110
11011
10001
00000

# _ (ASCII 95)
95
5
00000
00000
00000
00000
11111

# ` (ASCII 96)
96
3
110
011
000
000
000

# a (ASCII 97)
97
5
01110
11011
11011
11111
11011

# b (ASCII 98)
98
5
11110
11011
11110
11011
11110

# c (ASCII 99)
99
5
01110
11011
11000
11011
01110

# d (ASCII 100)
100
5
11110
11011
11011
11011
11110

# e (ASCII 101)
101
5
11111
11000
11110
11000
11111

# f (ASCII 102)
102
5
11111
11000
11110
11000
11000

# g (ASCII 103)
103
5
01110
11000
11011
11011
01110

# h (ASCII 104)
104
5
11011
11011
11111
11011
11011

# i (ASCII 105)
105
2
11
11
11
11
11

# j (ASCII 106)
106
5
11111
00110
00110
00110
01100

# k (ASCII 107)
107
5
11011
11011
11110
11011
11011

# l (ASCII 108)
108
5
11000
11000
11000
11000
11111

# m (ASCII 109)
109
5
11011
11111
11011
11011
11011

# n (ASCII 110)
110
5
11110
11011
11011
11011
11011

# o (ASCII 111)
111
5
01110
11011
11011
11011
01110

# p (ASCII 112)
112
5
11110
11011
11011
11110
11000

# q (ASCII 113)
113
5
01110
11011
11011
11010
01101

# r (ASCII 114)
114
5
11110
11011
11110
11011
11011

# s (ASCII 115)
115
5
01111
11000
01110
00011
11110

# t (ASCII 116)
116
4
1111
0110
0110
0110
0110

# u (ASCII 117)
117
5
11011
11011
11011
11011
01110

# v (ASCII 118)
118
5
11011
11011
11011
01110
00100

# w (ASCII 119)
119
5
11011
11011
11011
11111
11011

# x (ASCII 120)
120
5
01110
11011
11011
11010
01101

# y (ASCII 121)
121
5
11011
11011
01110
00110
00110

# z (ASCII 122)
122
5
11111
00111
01110
11100
11111

# { (ASCII 123)
123
4
0111
0110
1100
0110
0111

# | (ASCII 124)
124
2
11
11
11
11
11

# } (ASCII 125)
125
4
1110
0110
0011
0110
1110

# ~ (ASCII 126)
126
5
00000
01001
11111
10110
00000

