1015
356
45
0
0
0
0
0
0
0
0
0
0
0
0
0
0
0
0
0
0
0
0
0
0
13056
-1
-1
-1
-1
-1
204
0
0
0
0
0
0
0
0
0
0
0
0
0
0
0
0
3
0
0
0
0
-16384
0
0
0
0
0
0
0
0
0
0
0
0
0
0
0
0
15360
-21846
-21846
-21846
-21846
-21846
60
0
0
0
0
0
0
0
0
0
0
0
0
0
0
0
0
50
0
0
0
0
-29696
21760
21845
21845
21845
21845
21845
21845
21845
21845
21845
21845
21845
21845
21845
21845
21845
12800
0
-24574
3084
0
0
396
0
0
0
0
0
0
0
0
0
0
0
0
0
0
0
16384
50
10240
12288
12
0
-29696
1
0
0
0
0
0
0
0
0
0
0
0
0
0
0
0
12864
0
-16337
768
252
0
396
-1024
-16336
192
48
0
0
3
0
0
0
48
48
15360
0
0
16384
50
768
192
13056
240
-29696
1
3120
-16192
12288
0
0
768
0
0
0
12300
12288
0
195
0
0
12864
0
12336
3888
3276
0
396
12288
-16372
192
48
0
0
3
0
0
0
48
48
-16384
0
0
16384
50
768
3264
13056
195
-29696
1
48
-16192
16128
-15613
3852
768
15552
3072
3852
15372
16128
-4096
4095
-16381
60
12864
2816
12480
13068
12480
0
396
12288
-16384
192
-16336
3123
-16336
3
195
3084
-13312
48
-15568
-16372
-15568
-15556
16384
50
3072
13056
-829
-16381
-29696
1
48
-16192
12288
-3133
16140
960
-15616
3072
3852
12492
12288
-829
12480
195
255
12864
-29696
524
13196
-3901
0
396
12288
-16384
192
-13264
3123
48
3
195
3084
-13264
48
-15568
-16384
-15568
-16384
16384
50
128
-32706
12300
12300
-29696
1
48
-16192
12288
13260
12300
960
-15616
3072
12492
12492
12288
3267
12480
195
195
12864
2048
7688
7348
-15601
192
396
-1024
15360
60
-15568
-3856
15
-4096
60
15375
-13297
12
63
-16144
783
15360
16384
50
2240
21809
-16297
0
-29696
1
0
0
0
0
0
0
0
0
0
0
0
0
0
0
0
12864
12290
-15061
348
112
12
396
0
0
0
0
0
0
0
0
0
0
0
0
0
0
0
16384
562
11520
84
-9185
4
-29696
1
0
0
0
0
0
0
0
0
0
0
0
0
0
0
0
12864
12290
9504
2880
5588
76
396
0
0
0
0
0
0
0
0
0
0
0
0
0
0
0
16384
50
8192
24065
21685
16437
-29696
1
0
0
0
0
0
0
0
0
0
0
0
0
0
0
0
12864
-16384
-19186
-10921
15700
64
396
0
0
0
0
0
3072
12
0
0
0
0
0
-16384
0
0
16384
50
3840
22005
22357
212
-29696
1
12288
-16384
0
12288
0
3084
0
0
0
0
0
192
192
0
0
12864
2048
-2769
21845
-12201
0
396
0
0
0
0
0
3072
12
0
0
0
0
0
-16384
0
0
16384
50
12032
21989
22357
207
-29696
1
12348
-12304
-3904
12288
252
-12529
-3904
972
192
3900
-16381
-16180
192
0
0
12864
0
-5885
21845
-15785
0
396
-15616
3123
13260
12
-15568
3072
13068
-3316
12300
768
-16336
-12496
-16336
0
0
16384
50
2816
21965
24405
204
-29696
1
13251
-13300
3123
12288
195
3084
-973
4032
240
12351
-3901
12492
192
0
0
12864
0
-19710
-10797
16497
0
396
-15616
3123
13260
12
-15568
3072
13068
-16384
12
-15616
-13264
-13264
48
0
0
16384
50
0
13624
1364
68
-29696
1
13251
-13300
3123
12288
195
3084
3123
3264
48
12483
12492
12492
192
0
0
12864
0
12032
23765
25621
0
396
16128
-4048
12492
252
-15568
768
12492
-16144
-16381
16128
-15601
-13072
-16336
0
0
16384
50
0
-10997
21825
16473
-29696
1
3
0
3072
0
0
0
0
0
0
0
192
0
0
0
0
12864
0
4096
13568
25689
0
396
768
0
0
12
0
0
0
0
0
0
-16384
0
0
0
0
16384
50
2560
932
5844
15512
-29696
1
60
0
12288
0
0
0
0
0
0
3840
0
0
0
0
0
12864
512
1184
-1757
21353
-16189
396
0
0
0
0
0
0
0
0
0
0
0
0
0
0
0
16384
50
2600
-12665
22145
15500
-29645
1
0
0
0
0
0
0
0
0
0
0
0
0
0
0
0
12864
2856
2508
-14769
13220
-13117
396
0
0
0
0
0
0
0
0
0
0
0
0
0
0
0
16384
-23758
12480
20737
17233
3276
-29695
1
0
0
0
0
0
0
0
0
0
0
0
0
0
0
0
12864
0
0
0
0
0
396
0
0
0
0
0
0
0
0
0
0
0
0
0
0
0
16384
-21956
-21846
-21846
-21846
-21846
15530
21760
21845
21845
21845
21845
21845
21845
21845
21845
21845
21845
21845
21845
21845
21845
21845
768
0
0
0
0
0
192
0
0
0
0
0
0
0
0
0
0
0
0
0
0
0
0
-205
-1
-1
-1
-1
-13057
0
0
0
0
0
0
0
0
0
0
0
0
0
0
0
0
0
0
0
0
0
0
0
0
0
0
0
0
0
0
0
0
0
0
0
0
0
0
0
0
0
0
0
0
0
0
0
0
0
0
0
0
0
0
0
0
0
0
0
0
0
0
0
0
0
0
0
0
0
0
0
0
0
0
0
0
0
0
0
0
0
0
0
0
0
0
0
0
0
0
0
0
0
0
0
0
0
0
0
0
0
0
0
0
0
0
0
356
45
0
0
0
0
0
0
-1
-1
-1
-1
-1
-1
-1
-1
-1
-1
-1
-1
-1
-1
-1
-1
240
0
0
0
0
0
-256
-1
-1
-1
-1
-1
-1
-1
-1
-1
-1
-1
-1
-1
-1
-1
-3841
0
0
0
0
0
0
-1
-1
-1
-1
-1
-1
-1
-1
-1
-1
-1
-1
-1
-1
-1
-1
240
0
0
0
0
0
-256
0
0
0
0
0
0
0
0
0
0
0
0
0
0
0
-4096
0
0
0
0
0
0
252
0
0
0
0
0
0
0
0
0
0
0
0
0
0
0
48
0
0
0
0
0
-4096
0
0
0
0
0
0
0
0
0
0
0
0
0
0
0
0
0
0
0
0
0
0
240
0
0
0
0
0
0
0
0
0
0
0
0
0
0
0
0
0
0
0
0
0
-4096
0
0
0
0
0
0
0
0
0
0
0
0
0
0
0
0
0
0
0
0
0
0
240
0
0
0
0
0
0
0
0
0
0
0
0
0
0
0
0
0
0
0
0
0
-4096
0
0
0
0
0
0
0
0
0
0
0
0
0
0
0
0
0
0
0
0
0
0
240
0
0
0
0
0
0
0
0
0
0
0
0
0
0
0
0
0
0
0
0
0
-4096
0
0
0
0
0
0
0
0
0
0
0
0
0
0
0
0
0
0
0
0
0
0
240
0
0
0
0
0
0
0
0
0
0
0
0
0
0
0
0
0
0
0
0
0
-4096
0
0
0
0
0
0
0
0
0
0
0
0
0
0
0
0
0
0
0
0
0
0
240
0
0
0
0
0
0
0
0
0
0
0
0
0
0
0
0
0
0
0
0
0
-4096
0
0
0
0
0
0
0
0
0
0
0
0
0
0
0
0
0
0
0
0
0
0
240
0
0
0
0
0
0
0
0
0
0
0
0
0
0
0
0
0
0
0
0
0
-4096
0
0
0
0
0
0
0
0
0
0
0
0
0
0
0
0
0
0
0
0
0
0
240
0
0
0
0
0
0
0
0
0
0
0
0
0
0
0
0
0
0
0
0
0
-4096
0
0
0
0
0
0
0
0
0
0
0
0
0
0
0
0
0
0
0
0
0
0
240
0
0
0
0
0
0
0
0
0
0
0
0
0
0
0
0
0
0
0
0
0
-4096
0
0
0
0
0
0
0
0
0
0
0
0
0
0
0
0
0
0
0
0
0
0
240
0
0
0
0
0
0
0
0
0
0
0
0
0
0
0
0
0
0
0
0
0
-4096
0
0
0
0
0
0
0
0
0
0
0
0
0
0
0
0
0
0
0
0
0
0
240
0
0
0
0
0
0
0
0
0
0
0
0
0
0
0
0
0
0
0
0
0
-4096
0
0
0
0
0
0
0
0
0
0
0
0
0
0
0
0
0
0
0
0
0
0
240
0
0
0
0
0
0
0
0
0
0
0
0
0
0
0
0
0
0
0
0
0
-4096
0
0
0
0
0
0
0
0
0
0
0
0
0
0
0
0
0
0
0
0
0
0
240
0
0
0
0
0
0
0
0
0
0
0
0
0
0
0
0
0
0
0
0
0
-4096
0
0
0
0
0
0
0
0
0
0
0
0
0
0
0
0
0
0
0
0
0
0
240
0
0
0
0
0
0
0
0
0
0
0
0
0
0
0
0
0
0
0
0
0
-4096
0
0
0
0
0
0
0
0
0
0
0
0
0
0
0
0
0
0
0
0
0
0
240
0
0
0
0
0
0
0
0
0
0
0
0
0
0
0
0
0
0
0
0
0
-4096
0
0
0
0
0
0
0
0
0
0
0
0
0
0
0
0
0
0
0
0
0
0
240
0
0
0
0
0
0
0
0
0
0
0
0
0
0
0
0
0
0
0
0
0
-4096
0
0
0
0
0
0
0
0
0
0
0
0
0
0
0
0
0
0
0
0
0
0
240
0
0
0
0
0
0
0
0
0
0
0
0
0
0
0
0
0
0
0
0
0
-4096
0
0
0
0
0
0
0
0
0
0
0
0
0
0
0
0
0
0
0
0
0
0
48
0
0
0
0
0
0
0
0
0
0
0
0
0
0
0
48
0
0
0
0
0
-13312
0
0
0
0
0
0
0
0
0
0
0
0
0
0
0
-16384
0
0
0
0
0
0
13107
13107
13107
13107
13107
13107
13107
13107
13107
13107
13107
13107
13107
13107
13107
13107
48
0
0
0
0
0
-13312
-13108
-13108
-13108
-13108
-13108
-13108
-13108
-13108
-13108
-13108
-13108
-13108
-13108
-13108
-13108
-16180
13107
13107
13107
13107
13107
13107
13107
13107
13107
13107
13107
13107
13107
13107
13107
13107
13107
13107
13107
13107
13107
13107
-13264
-13108
-13108
-13108
-13108
-13108
-13108
-13108
-13108
-13108
-13108
-13108
-13108
-13108
-13108
-13108
-13108
-13108
-13108
-13108
-13108
-13108
-16180
13107
13107
13107
13107
13107
13107
13107
13107
13107
13107
13107
13107
13107
13107
13107
13107
13107
13107
13107
13107
13107
13107
48
