 1 room2 48  134  56  34  7  18 room8 0 
 2 room2 204  134  56  34  7  18 room3 1456 
 3 room2 120  122  64  31  5  21 room6 2912 
 4 room2 108  170  88  20  7  17 room1 4328 
 5 room1 200  134  60  34  7  18 room2 5688 
 6 room3 108  170  88  20  7  17 room5 7212 
 7 room3 120  122  64  31  5  21 room4 8572 
 8 room3 48  134  56  34  7  18 room2 9988 
 9 room6 104  166  88  20  7  17 room2 11444 
 10 room6 48  138  60  34  7  18 room7 12804 
 11 room7 204  134  56  34  7  18 room6 14328 
 12 room7 120  114  68  31  5  21 room11 15784 
 13 room8 40  130  60  34  7  18 room9 17264 
 14 room8 200  134  56  34  7  18 room2 18788 
 15 room9 200  134  56  34  7  18 room8 20244 
 16 room9 104  162  92  20  7  17 room10 21700 
 17 room10 120  122  68  31  5  21 room9 23100 
 18 room11 208  146  56  34  7  18 room7 24580 
