387
30014
30015
30016
30017
30018
30019
30020
30021
30022
30023
30024
30025
30026
30027
30028
30029
30030
30031
30032
30033
30034
30035
30036
30037
30038
30039
30040
30041
30042
30043
30044
30045
30046
30047
30048
30049
30050
30051
30052
30053
30054
30055
30056
30057
30058
30059
30060
30061
30062
30063
30064
30065
30066
30067
30068
30069
30070
30071
30072
30073
30074
30075
30076
30077
30078
30079
30080
30081
30082
30083
30084
30085
30086
30087
30088
30089
30090
30091
30092
30093
30094
30113
30195
30213
30295
30313
30395
30413
30495
30505
30506
30513
30595
30604
30605
30606
30607
30613
30695
30703
30704
705
706
30707
30708
713
30795
30802
30803
804
805
30806
807
30808
30809
30813
895
30901
30902
903
904
30905
30906
30907
908
30909
30910
30912
30913
30914
30994
30995
30996
31000
31001
1002
1003
31004
31005
31007
31008
1009
31010
1011
31012
11013
31014
31015
31016
31017
31093
1094
31096
31097
31098
31101
31102
1103
1104
31105
31106
31107
1108
31109
1110
1111
31112
11113
31114
31194
31195
31196
1197
31202
31203
1204
1205
31206
1207
31208
1209
1211
1212
31213
1294
1295
1296
31303
31304
1305
1306
31307
1308
1312
1313
1394
11395
31404
31405
31406
1407
1412
11413
1494
31495
31505
1506
1512
31513
1594
31595
1612
31613
1694
31695
1712
31713
1794
31795
1812
31813
1894
31895
1913
31914
31915
31916
31917
31918
31919
31920
31921
31922
31923
31924
31925
31926
31927
31928
31929
31930
31931
31932
31933
31934
31935
31936
31937
31938
31939
31940
31941
31942
31943
31944
31945
31946
31947
31948
31949
31950
31951
31952
31953
31954
31955
31956
31957
31958
31959
31960
31961
31962
31963
31964
31965
31966
31967
31968
31969
31970
31971
31972
31973
31974
31975
31976
31977
31978
31979
31980
31981
31982
31983
31984
31985
31986
31987
31988
31989
31990
31991
31992
31993
31994
1995
2014
2015
2016
2017
2018
2019
2020
2021
2022
2023
2024
2025
2026
2027
2028
2029
2030
2031
2032
2033
2034
2035
2036
2037
2038
2039
2040
2041
2042
2043
2044
2045
2046
2047
2048
2049
2050
2051
2052
2053
2054
2055
2056
2057
2058
2059
2060
2061
2062
2063
2064
2065
2066
2067
2068
2069
2070
2071
2072
2073
2074
2075
2076
2077
2078
2079
2080
2081
2082
2083
2084
2085
2086
2087
2088
2089
2090
2091
2092
2093
2094
